 	Point #	Z Align	SigInt	Tilt X	Tilt Y	Hardware OK	MSE	Thickness # 1 (nm)	A	B	n of Cauchy @ 632.8 nm	Fit OK
Average	N/A	0.6098	12.0669	-0.1189	0.0325	1.0000	4.3324	106.070	1.4957	0.004581	1.507163	1.0
Min	N/A	0.6098	10.6540	-0.1189	0.0325	1.0000	2.5767	101.609	1.4741	0.004317	1.490146	1.0
Max	N/A	0.6098	12.7655	-0.1189	0.0325	1.0000	21.5801	112.101	1.4974	0.006433	1.508216	1.0
Std. Dev.	N/A	0.0000	0.4908	0.0000	0.0000	0.0000	2.8665	2.210	0.0038	0.000413	0.002865	0.0
% Range	N/A	0.00000	17.49838	-0.00000	0.00000	0.00000	438.63553	9.89189	1.55779	46.20042	1.19894	0.00000
% Uniformity	N/A	0.00000	4.06753	0.00000	0.00000	0.00000	66.16518	2.08393	0.25131	9.01354	0.19008	0.00000
(-0.000,-0.000)	1	0.610	12.616	-0.119	0.032	1.000	3.693	105.62	1.497	0.00443	1.50784	1.
(0.354,-0.354)	2	0.610	12.620	-0.119	0.032	1.000	3.701	104.42	1.497	0.00437	1.50808	1.
(-0.354,-0.354)	3	0.610	12.687	-0.119	0.032	1.000	3.845	105.25	1.497	0.00439	1.50794	1.
(-0.707,-0.707)	4	0.610	12.621	-0.119	0.032	1.000	3.723	104.89	1.497	0.00437	1.50798	1.
(-0.000,-1.000)	5	0.610	12.296	-0.119	0.032	1.000	3.628	104.16	1.497	0.00438	1.50811	1.
(0.707,-0.707)	6	0.610	12.400	-0.119	0.032	1.000	3.631	103.91	1.497	0.00441	1.50821	1.
(1.061,-1.061)	7	0.610	12.392	-0.119	0.032	1.000	3.550	103.74	1.497	0.00442	1.50822	1.
(0.388,-1.449)	8	0.610	12.077	-0.119	0.032	1.000	3.590	104.10	1.497	0.00438	1.50802	1.
(-0.388,-1.449)	9	0.610	12.459	-0.119	0.032	1.000	3.714	104.41	1.497	0.00437	1.50797	1.
(-1.061,-1.061)	10	0.610	12.407	-0.119	0.032	1.000	3.798	104.52	1.497	0.00436	1.50808	1.
(-1.414,-1.414)	11	0.610	12.386	-0.119	0.032	1.000	3.737	104.95	1.497	0.00432	1.50801	1.
(-0.765,-1.848)	12	0.610	11.541	-0.119	0.032	1.000	3.645	104.92	1.497	0.00434	1.50796	1.
(-0.000,-2.000)	13	0.610	12.539	-0.119	0.032	1.000	3.616	104.41	1.497	0.00435	1.50806	1.
(0.765,-1.848)	14	0.610	12.256	-0.119	0.032	1.000	3.596	104.15	1.497	0.00439	1.50809	1.
(1.414,-1.414)	15	0.610	12.608	-0.119	0.032	1.000	3.589	103.83	1.497	0.00443	1.50817	1.
(1.768,-1.768)	16	0.610	12.647	-0.119	0.032	1.000	3.600	103.86	1.497	0.00440	1.50805	1.
(1.135,-2.228)	17	0.610	12.475	-0.119	0.032	1.000	3.650	104.56	1.497	0.00440	1.50790	1.
(0.391,-2.469)	18	0.610	12.608	-0.119	0.032	1.000	3.771	105.28	1.497	0.00438	1.50778	1.
(-0.391,-2.469)	19	0.610	11.881	-0.119	0.032	1.000	3.802	105.66	1.497	0.00438	1.50808	1.
(-1.135,-2.228)	20	0.610	11.554	-0.119	0.032	1.000	3.707	105.59	1.497	0.00442	1.50773	1.
(-1.768,-1.768)	21	0.610	12.162	-0.119	0.032	1.000	3.654	104.90	1.497	0.00432	1.50816	1.
(-2.121,-2.121)	22	0.610	11.793	-0.119	0.032	1.000	3.831	105.53	1.497	0.00437	1.50809	1.
(-1.500,-2.598)	23	0.610	11.976	-0.119	0.032	1.000	3.963	107.74	1.496	0.00449	1.50746	1.
(-0.776,-2.898)	24	0.610	11.339	-0.119	0.032	1.000	3.883	106.95	1.497	0.00440	1.50809	1.
(-0.000,-3.000)	25	0.610	12.387	-0.119	0.032	1.000	3.497	106.91	1.496	0.00462	1.50802	1.
(0.776,-2.898)	26	0.610	12.179	-0.119	0.032	1.000	3.242	106.37	1.495	0.00494	1.50742	1.
(1.500,-2.598)	27	0.610	12.270	-0.119	0.032	1.000	3.622	105.76	1.497	0.00440	1.50767	1.
(2.121,-2.121)	28	0.610	12.766	-0.119	0.032	1.000	3.558	104.33	1.497	0.00444	1.50765	1.
(2.475,-2.475)	29	0.610	12.654	-0.119	0.032	1.000	3.693	105.13	1.497	0.00448	1.50772	1.
(1.862,-2.964)	30	0.610	12.298	-0.119	0.032	1.000	3.817	107.26	1.496	0.00450	1.50745	1.
(1.156,-3.304)	31	0.610	12.204	-0.119	0.032	1.000	3.739	107.99	1.496	0.00448	1.50755	1.
(0.392,-3.478)	32	0.610	12.073	-0.119	0.032	1.000	3.607	109.39	1.495	0.00486	1.50732	1.
(-0.392,-3.478)	33	0.610	11.665	-0.119	0.032	1.000	3.869	109.75	1.496	0.00452	1.50765	1.
(-1.156,-3.304)	34	0.610	11.527	-0.119	0.032	1.000	3.943	109.33	1.496	0.00456	1.50773	1.
(-1.862,-2.964)	35	0.610	11.850	-0.119	0.032	1.000	4.002	109.34	1.496	0.00453	1.50774	1.
(-2.475,-2.475)	36	0.610	11.476	-0.119	0.032	1.000	3.833	107.89	1.497	0.00449	1.50783	1.
(-2.828,-2.828)	37	0.610	11.528	-0.119	0.032	1.000	4.353	104.64	1.496	0.00440	1.50738	1.
(-2.222,-3.326)	38	0.610	11.820	-0.119	0.032	1.000	5.821	104.48	1.495	0.00451	1.50586	1.
(-1.531,-3.696)	39	0.610	11.915	-0.119	0.032	1.000	21.580	101.61	1.474	0.00643	1.49015	1.
(-0.780,-3.923)	40	0.610	11.337	-0.119	0.032	1.000	10.421	108.18	1.487	0.00568	1.50075	1.
(-0.000,-4.000)	41	0.610	11.692	-0.119	0.032	1.000	6.374	108.30	1.492	0.00492	1.50447	1.
(0.780,-3.923)	42	0.610	11.422	-0.119	0.032	1.000	3.809	112.10	1.496	0.00467	1.50718	1.
(1.531,-3.696)	43	0.610	11.638	-0.119	0.032	1.000	3.730	110.61	1.496	0.00461	1.50742	1.
(2.222,-3.326)	44	0.610	11.315	-0.119	0.032	1.000	2.577	108.70	1.494	0.00553	1.50779	1.
(2.828,-2.828)	45	0.610	10.654	-0.119	0.032	1.000	2.950	107.76	1.494	0.00532	1.50752	1.
